      0/99     4.17G   0.07287    0.0176         0   0.09047         5       640   0.01951    0.4333   0.01065   0.00186    0.1123   0.01941         0
      1/99     5.74G   0.06717    0.0152         0   0.08237         6       640  0.005944   0.03333   0.00148  0.000241    0.1104   0.01703         0
      2/99     5.74G   0.06411   0.01284         0   0.07695         5       640   0.02262    0.2667  0.009384   0.00156   0.09773   0.01691         0
      3/99     5.74G   0.06038   0.01151         0   0.07188         3       640    0.0802    0.2333   0.02958  0.004652   0.09819   0.01534         0
      4/99     5.74G   0.05921   0.01087         0   0.07008         3       640   0.05796   0.06667   0.01452  0.002025   0.09865   0.01419         0
      5/99     5.74G   0.05585   0.01014         0     0.066         2       640   0.09515    0.3333    0.1045   0.02218   0.09081   0.01464         0
      6/99     5.74G   0.05339  0.009161         0   0.06255         3       640    0.3789    0.5333    0.3632   0.09933   0.06837   0.01543         0
      7/99     5.74G   0.05288  0.008521         0    0.0614         3       640    0.4963    0.5667     0.556    0.1614   0.08069   0.01308         0
      8/99     5.74G   0.05195  0.007285         0   0.05923         4       640    0.6874    0.7333    0.7605     0.243   0.07587   0.01175         0
      9/99     5.74G   0.05318  0.007165         0   0.06035         2       640    0.4994       0.7    0.5497    0.1488   0.08176   0.01121         0
     10/99     5.74G   0.05944  0.006649         0   0.06609         5       640    0.3919       0.4    0.3605   0.06034   0.07825    0.0112         0
     11/99     5.74G   0.05986   0.00643         0   0.06629         2       640    0.6967    0.7657    0.6813    0.1435   0.08465  0.009456         0
     12/99     5.74G   0.05975  0.005703         0   0.06545         6       640    0.4579    0.6667    0.4786    0.1548     0.102  0.008436         0
     13/99     5.74G   0.05342  0.005572         0     0.059         3       640   0.03518    0.1333   0.01245  0.003667    0.1145  0.008522         0
     14/99     5.74G   0.04787   0.00578         0   0.05365         6       640   0.03282   0.06667  0.002508  0.000476    0.1189   0.00793         0
     15/99     5.74G   0.05318  0.005127         0   0.05831         2       640   0.01062    0.1281  0.002073 0.0002469    0.1212  0.006895         0
     16/99     5.74G   0.06026  0.004704         0   0.06496         4       640  0.001999    0.1667 0.0006945 0.0001178    0.1376    0.5021         0
     17/99     5.74G   0.05835  0.004308         0   0.06266         2       640 0.0006273    0.1667 0.0001079 1.306e-05    0.1265   0.04087         0
     18/99     5.74G    0.0583  0.004446         0   0.06274         1       640         0         0         0         0    0.1458     19.91         0
     19/99     5.74G   0.06511  0.005162         0   0.07027         4       640         0         0         0         0    0.1183     1.084         0
     20/99     5.74G    0.0585  0.004941         0   0.06344         2       640  0.000779    0.1667 0.0001678 1.899e-05    0.1308   0.01111         0
     21/99     5.74G   0.05008  0.004577         0   0.05466         4       640   0.02462       0.1  0.003038 0.0005853    0.1392  0.004399         0
     22/99     5.74G   0.04114   0.00461         0   0.04575         4       640  0.006815    0.2667  0.003537 0.0008377    0.1228  0.009193         0
     23/99     5.74G   0.04338  0.004826         0    0.0482         5       640   0.02747    0.1333   0.01268  0.002349    0.1095   0.00877         0
     24/99     5.74G   0.04283  0.004909         0   0.04774         2       640    0.1112   0.06667   0.02097  0.005915     0.114  0.008347         0
     25/99     5.74G    0.0436  0.004973         0   0.04857         4       640     0.205    0.2333    0.1285   0.02673    0.1068  0.008057         0
     26/99     5.74G   0.04333  0.005066         0   0.04839         6       640    0.4142    0.3333    0.2612   0.06137   0.09604  0.008689         0
     27/99     5.74G   0.04855   0.00492         0   0.05347         6       640    0.2074    0.4667    0.1828   0.04841   0.09991  0.008707         0
     28/99     5.74G    0.0405  0.004188         0   0.04469         3       640    0.1449       0.3    0.1035   0.02449    0.1011  0.008579         0
     29/99     5.74G   0.04654  0.004222         0   0.05076         3       640    0.1026   0.06667   0.06789    0.0109    0.1002  0.008045         0
     30/99     5.74G   0.04593  0.003906         0   0.04983         3       640    0.6079    0.3667    0.3994   0.08641   0.09933  0.008098         0
     31/99     5.74G   0.04433  0.004995         0   0.04933         3       640    0.2134       0.3    0.1878   0.04548    0.1051  0.007181         0
     32/99     5.74G   0.04827  0.004094         0   0.05236         2       640    0.7026    0.6667    0.6436    0.1651   0.09688  0.007943         0
     33/99     5.74G   0.04139  0.004265         0   0.04566         8       640    0.3621       0.6    0.4764    0.1515   0.09748  0.007994         0
     34/99     5.74G    0.0412  0.004564         0   0.04576         3       640    0.7923    0.6667    0.7693    0.2778    0.1013  0.007383         0
     35/99     5.74G   0.03998  0.004471         0   0.04445         4       640   0.06321       0.1   0.01783   0.00334    0.1153  0.005591         0
     36/99     5.74G   0.03858  0.003732         0   0.04232         1       640    0.7075    0.7259    0.7631    0.3026    0.0919  0.007799         0
     37/99     5.74G   0.03983  0.004555         0   0.04439         3       640    0.7272    0.5333    0.6158    0.1444   0.09543  0.007253         0
     38/99     5.74G   0.03745  0.004736         0   0.04218         6       640    0.7092    0.7667    0.7002      0.26   0.08961  0.007578         0
     39/99     5.74G   0.03763  0.004733         0   0.04236         2       640    0.7142    0.6665    0.7432     0.179   0.09052   0.00724         0
     40/99     5.74G   0.04218  0.004412         0   0.04659         3       640    0.3907    0.2667    0.1525   0.06538   0.09237  0.009177         0
     41/99     5.74G   0.04826  0.005351         0   0.05361         4       640   0.09638    0.5667   0.06763   0.02415   0.09545   0.01442         0
     42/99     5.74G   0.04017  0.004797         0   0.04497         3       640    0.6194    0.5969    0.5215    0.1298   0.08895  0.008492         0
     43/99     5.74G   0.03402   0.00496         0   0.03898         2       640    0.6658    0.6667    0.6464    0.2103    0.0887  0.008524         0
     44/99     5.74G   0.03963  0.005195         0   0.04483         5       640     0.781       0.6    0.6731    0.2576   0.08795  0.008339         0
     45/99     5.74G    0.0404  0.004952         0   0.04535         4       640  0.001075       0.3 0.0003349 7.472e-05    0.1109    0.4462         0
     46/99     5.74G   0.03824   0.00482         0   0.04306         3       640     0.368    0.5667    0.3291     0.102   0.09593  0.008948         0
     47/99     5.74G   0.03866  0.005414         0   0.04407         3       640   0.04442       0.5   0.03579   0.01054   0.09255   0.01109         0
     48/99     5.74G   0.03313  0.004306         0   0.03744         3       640    0.7817       0.6    0.6317    0.1989   0.09314  0.008138         0
     49/99     5.74G   0.03302  0.005731         0   0.03875         3       640    0.8499    0.5661     0.629    0.2222   0.09402  0.007527         0
     50/99     5.74G   0.03131  0.005083         0    0.0364         4       640         1    0.6331    0.7886    0.2912   0.09308  0.007068         0
     51/99     5.74G   0.03495   0.00481         0   0.03976         4       640    0.8928    0.8329    0.8769    0.3869   0.09018  0.007025         0
     52/99     5.74G   0.03386  0.004524         0   0.03838         3       640    0.9583    0.7661    0.8961    0.3436    0.0906  0.006988         0
     53/99     5.74G   0.03476  0.004763         0   0.03953         8       640       0.9    0.8997    0.9009    0.3567   0.08736  0.006973         0
     54/99     5.74G   0.03216   0.00431         0   0.03647         3       640     0.963    0.8666     0.918    0.4255   0.08994  0.006527         0
     55/99     5.74G   0.02997  0.004531         0    0.0345         2       640         1     0.833    0.9127    0.4537   0.08789  0.006587         0
     56/99     5.74G   0.03038  0.004083         0   0.03446         5       640    0.9973    0.8333    0.9178     0.429   0.08648   0.00665         0
     57/99     5.74G    0.0287  0.004344         0   0.03304         3       640    0.9286    0.8666    0.9156    0.4488   0.08814  0.006486         0
     58/99     5.74G   0.02945  0.004273         0   0.03373         4       640    0.8386     0.866    0.8924    0.3916   0.08759  0.006521         0
     59/99     5.74G   0.03253  0.004349         0   0.03688         4       640    0.9999    0.8333    0.9562    0.5264   0.08515  0.006527         0
     60/99     5.74G   0.02939  0.004727         0   0.03412        10       640    0.9992    0.8667    0.9611    0.5441   0.08569  0.006523         0
     61/99     5.74G   0.03687  0.004002         0   0.04087         2       640    0.9642       0.9    0.9642     0.491    0.0852  0.006604         0
     62/99     5.74G    0.0264  0.004371         0   0.03077         2       640    0.9995       0.9    0.9752    0.5706   0.08544  0.006402         0
     63/99     5.74G   0.03243   0.00547         0    0.0379         7       640    0.9655    0.9332     0.975    0.5445   0.08751  0.006202         0
     64/99     5.74G   0.02966  0.004436         0    0.0341         4       640    0.9333     0.933    0.9669    0.5553    0.0894  0.006005         0
     65/99     5.74G   0.02657  0.004698         0   0.03127         4       640    0.9655    0.9332    0.9716    0.5724   0.09164  0.005702         0
     66/99     5.74G   0.03712  0.004287         0   0.04141         4       640    0.9091         1    0.9828    0.6004    0.0934  0.005474         0
     67/99     5.74G   0.02973  0.003927         0   0.03366         2       640    0.9091    0.9998    0.9812    0.5873   0.09513  0.005293         0
     68/99     5.74G   0.02504  0.004059         0    0.0291         2       640    0.9091    0.9998    0.9836    0.5802   0.09638  0.005227         0
     69/99     5.74G   0.03095  0.004294         0   0.03525         6       640    0.9373         1     0.991     0.604   0.09054  0.005722         0
     70/99     5.74G   0.02549  0.004548         0   0.03004         6       640    0.9677    0.9999    0.9901    0.5984   0.08777  0.005953         0
     71/99     5.74G   0.02659  0.004376         0   0.03097         5       640         1         1    0.9952    0.5848   0.08561  0.006147         0
     72/99     5.74G   0.03268  0.004743         0   0.03742         5       640    0.7587    0.6333    0.6616    0.2232   0.08676   0.01035         0
     73/99     5.74G   0.03648  0.005198         0   0.04168         3       640     0.888    0.5333    0.5967    0.2131   0.09077  0.009503         0
     74/99     5.74G   0.03891  0.005308         0   0.04422         5       640    0.6969    0.4667    0.4957    0.1625   0.09381  0.009502         0
     75/99     5.74G   0.03285  0.004566         0   0.03741         4       640    0.1733    0.1667    0.0791   0.03931    0.1127   0.00826         0
     76/99     5.74G   0.03122   0.00477         0   0.03599         2       640    0.4328    0.4324    0.3541   0.08996    0.1039  0.009214         0
     77/99     5.74G   0.02756  0.004259         0   0.03182         2       640     0.432    0.4333    0.3305   0.09262    0.1056  0.009055         0
     78/99     5.74G   0.02972  0.005288         0   0.03501         3       640      0.45       0.4    0.3069    0.1142    0.1048  0.008446         0
     79/99     5.74G   0.02648  0.004415         0   0.03089         2       640    0.4522    0.3333    0.2835    0.1278    0.1099  0.008273         0
     80/99     5.74G   0.03049  0.005005         0   0.03549         1       640    0.6248    0.3333    0.3376    0.1251   0.09868   0.00815         0
     81/99     5.74G   0.02921   0.00469         0    0.0339         6       640    0.4788       0.4    0.3617    0.1442   0.09442  0.008506         0
     82/99     5.74G   0.02809  0.004815         0    0.0329         2       640    0.8947    0.5664     0.636    0.2808   0.08599  0.008067         0
     83/99     5.74G   0.02527  0.004683         0   0.02995         2       640     0.863    0.6333    0.6792    0.2767    0.0855  0.007834         0
     84/99     5.74G   0.02877  0.004799         0   0.03357         3       640    0.8619    0.8324    0.8236    0.3896   0.08017  0.007605         0
     85/99     5.74G   0.03481  0.004496         0   0.03931         2       640    0.9655    0.9332    0.9551    0.4809   0.07755  0.007502         0
     86/99     5.74G   0.02508  0.004516         0    0.0296         2       640         1    0.9331    0.9633    0.5344   0.07565  0.007483         0
     87/99     5.74G   0.02423  0.004719         0   0.02895         6       640    0.9667    0.9666    0.9643    0.5218   0.07578  0.007464         0
     88/99     5.74G   0.03157  0.004773         0   0.03634         4       640         1    0.9666    0.9653    0.5228   0.07527   0.00746         0
     89/99     5.74G   0.02754  0.004644         0   0.03218         4       640    0.9999    0.9667    0.9653    0.5188   0.07604   0.00731         0
     90/99     5.74G   0.02504  0.004909         0   0.02995         4       640    0.9999    0.9667    0.9653    0.5171    0.0758   0.00728         0
     91/99     5.74G    0.0295  0.004663         0   0.03416         3       640    0.9998    0.9667    0.9836    0.5275   0.07508  0.007306         0
     92/99     5.74G   0.02706  0.004773         0   0.03183         5       640         1    0.9666    0.9883    0.5344   0.07435  0.007315         0
     93/99     5.74G   0.02849  0.004546         0   0.03304         1       640    0.9999    0.9667     0.991    0.5453   0.07433  0.007246         0
     94/99     5.74G   0.02422  0.005347         0   0.02957         2       640         1    0.9999    0.9952    0.5544   0.07508  0.007096         0
     95/99     5.74G   0.02424  0.005159         0    0.0294         3       640         1    0.9999    0.9952    0.5604    0.0747   0.00712         0
     96/99     5.74G   0.02704  0.004598         0   0.03164         4       640    0.9677    0.9998    0.9943    0.5512   0.07465  0.007106         0
     97/99     5.74G   0.03253   0.00436         0   0.03689         3       640    0.9676         1    0.9943    0.5578   0.07401  0.007163         0
     98/99     5.74G   0.02517  0.004974         0   0.03014         4       640    0.9677    0.9999    0.9943    0.5689   0.07325   0.00715         0
     99/99     5.74G   0.02541  0.005381         0   0.03079         4       640         1         1    0.9953    0.5761   0.07363   0.00706         0
